name: RF_Balanace_Profound
channels:
  - conda-forge
  - defaults
  - bioconda
dependencies:
  - altgraph=0.17.2=pyhd8ed1ab_1
  - blas=1.0=mkl
  - bzip2=1.0.8=h8ffe710_4
  - ca-certificates=2022.6.15=h5b45459_0
  - certifi=2022.6.15=py38haa244fe_0
  - colored=1.4.3=pyhd8ed1ab_0
  - console_shortcut=0.1.1=4
  - future=0.18.2=py38haa244fe_5
  - icc_rt=2019.0.0=h0cc432a_1
  - intel-openmp=2021.4.0=h57928b3_3556
  - libblas=3.9.0=12_win64_mkl
  - libcblas=3.9.0=12_win64_mkl
  - libffi=3.4.2=h8ffe710_5
  - liblapack=3.9.0=12_win64_mkl
  - m2w64-gcc-libgfortran=5.3.0=6
  - m2w64-gcc-libs=5.3.0=7
  - m2w64-gcc-libs-core=5.3.0=7
  - m2w64-gmp=6.1.0=2
  - m2w64-libwinpthread-git=5.0.0.4634.697f757=2
  - macholib=1.16=pyhd8ed1ab_0
  - mkl=2021.4.0=h0e2418a_729
  - mkl-service=2.4.0=py38h4f8af0f_0
  - mkl_fft=1.3.1=py38hf2c5eee_1
  - mkl_random=1.2.2=py38h60cbd38_0
  - msys2-conda-epoch=20160418=1
  - nidaqmx-python=0.6.2=pyhd8ed1ab_0
  - numpy=1.22.3=py38h7a0a035_0
  - numpy-base=1.22.3=py38hca35cd5_0
  - openssl=1.1.1p=h8ffe710_0
  - pefile=2022.5.30=pyhd8ed1ab_0
  - pip=22.1.2=pyhd8ed1ab_0
  - pycparser=2.21=pyhd8ed1ab_0
  - pycryptodome=3.14.1=py38h294d835_1
  - pyinstaller=4.8=py38h8cc25b3_0
  - pyinstaller-hooks-contrib=2022.7=pyhd8ed1ab_0
  - pyserial=3.5=pyhd8ed1ab_0
  - python=3.8.13=h6244533_0
  - python_abi=3.8=2_cp38
  - pythonnet=2.5.2=py38haa244fe_4
  - pyvisa=1.11.3=py38haa244fe_3
  - pywin32=303=py38h294d835_0
  - pywin32-ctypes=0.2.0=py38haa244fe_1005
  - pyyaml=6.0=py38h294d835_4
  - scipy=1.7.3=py38ha1292f7_0
  - setuptools=62.6.0=py38haa244fe_0
  - six=1.16.0=pyh6c4a22f_0
  - sqlite=3.39.0=h8ffe710_0
  - subprocess32=3.5.4=py_1
  - tbb=2021.5.0=h2d74725_1
  - termcolor=1.1.0=py_2
  - tk=8.6.12=h8ffe710_0
  - typing_extensions=4.1.1=pyha770c72_0
  - tzdata=2021e=he74cb21_0
  - ucrt=10.0.20348.0=h57928b3_0
  - vc=14.2=hb210afc_6
  - vs2015_runtime=14.29.30037=h902a5da_6
  - wheel=0.37.1=pyhd8ed1ab_0
  - wincertstore=0.2=py38haa244fe_1008
  - xz=5.2.5=h62dcd97_1
  - yaml=0.2.5=h8ffe710_2
  - zlib=1.2.11=h8d14728_1011
  - pip:
      - pyqt5-qt5==5.15.2
      - pyqt5-sip==12.9.1
      - pyqt5==5.15.6
      - pyqtgraph==0.12.4
      - typing-extensions==4.1.1
      - scipy==1.7.3
      - pyvisa-py==0.5.3
      - termcolor==1.1.0
      - pyyaml==6.0
      - pyvisa==1.11.3
      - pyserial==3.5
      - pythonnet==2.5.2
      - nidaqmx==0.6.2
prefix: C:\Users\%username%\Anaconda3\envs\RF_Balance_Profound
